<html>
<head>
<title>Homeroom v3.0</title>
<meta charset="utf-8">
</head>
<body>
<!--
<FireBoxRoom>
<Assets>
<AssetImage id="left" src="skybox/left.jpg" tex_clamp="true" />
<AssetImage id="thumb_tennis" src="thumbs/tennis.jpg" />
<AssetImage id="sandbox_vrsites_door" src="thumbs/sandbox_vrsites_door.jpg" />
<AssetImage id="thumb_wipeout" src="thumbs/wipeout.jpg" />
<AssetImage id="ray" src="images/ray.png" />
<AssetImage id="right" src="skybox/right.jpg" tex_clamp="true" />
<AssetImage id="thumb_6" src="thumbs/6.jpg" />
<AssetImage id="thumb_21" src="thumbs/21.jpg" />
<AssetImage id="thumb_airhockey" src="thumbs/airhockey.jpg" />
<AssetImage id="thumb_19" src="thumbs/19.jpg" />
<AssetImage id="thumb_1" src="thumbs/1.jpg" />
<AssetImage id="thumb_12" src="thumbs/12.jpg" />
<AssetImage id="thumb_puckman" src="thumbs/puckman.jpg" />
<AssetImage id="thumb_3" src="thumbs/3.jpg" />
<AssetImage id="bottom" src="skybox/bottom.jpg" tex_clamp="true" />
<AssetImage id="thumb_13" src="thumbs/13.jpg" />
<AssetImage id="thumb_special" src="images/special_event.jpg" />
<AssetImage id="thumb_15" src="thumbs/15.jpg" />
<AssetImage id="thumb_23" src="thumbs/23.jpg" />
<AssetImage id="back" src="skybox/back.jpg" tex_clamp="true" />
<AssetImage id="thumb_11" src="thumbs/11.jpg" />
<AssetImage id="thumb_2" src="thumbs/2.jpg" />
<AssetImage id="sites_hosted_by_vrsites" src="banners/sites_hosted_by_vrsites.png" />
<AssetImage id="thumb_17" src="thumbs/17.jpg" />
<AssetImage id="thumb_chess" src="thumbs/chess.jpg" />
<AssetImage id="thumb_20" src="thumbs/20.jpg" />
<AssetImage id="thumb_18" src="thumbs/18.jpg" />
<AssetImage id="front" src="skybox/front.jpg" tex_clamp="true" />
<AssetImage id="thumb_10" src="thumbs/10.jpg" />
<AssetImage id="thumb_connect4" src="thumbs/connect4.jpg" />
<AssetImage id="thumb_9" src="thumbs/9.jpg" />
<AssetImage id="thumb_24" src="thumbs/24.jpg" />
<AssetImage id="thumb_16" src="thumbs/16.jpg" />
<AssetImage id="thumb_4" src="thumbs/4.jpg" />
<AssetImage id="thumb_22" src="thumbs/22.jpg" />
<AssetImage id="thumb_boatbattle" src="thumbs/boatbattle.jpg" />
<AssetImage id="thumb_8" src="thumbs/8.jpg" />
<AssetImage id="flagcounter" src="http://s06.flagcounter.com/count/xVg9/bg_FFFFFF/txt_000000/border_CCCCCC/columns_6/maxflags_30/viewers_Janus+VR+users/labels_0/pageviews_1/flags_0/" />
<AssetImage id="thumb_5" src="thumbs/5.jpg" />
<AssetImage id="thumb_14" src="thumbs/14.jpg" />
<AssetImage id="main_vrsites_door" src="thumbs/main_vrsites_door.jpg" />
<AssetImage id="avatar_vrsites_door" src="thumbs/avatar_vrsites_door.jpg" />
<AssetImage id="top" src="skybox/top.jpg" tex_clamp="true" />
<AssetImage id="thumb_7" src="thumbs/7.jpg" />
<AssetImage id="thumb_frogger" src="thumbs/frogger.jpg" />
<AssetObject id="tree7" src="pinet2.obj" tex0="pinet2.png" tex_linear="false" />
<AssetObject id="tree8" src="shr1h.obj" tex0="shr1h.png" tex_linear="false" />
<AssetObject id="tree31" src="weed4a.obj" tex0="weed4a.png" tex_linear="false" />
<AssetObject id="tree24" src="tree4.obj" tex0="tree4.png" tex_linear="false" />
<AssetObject id="water" src="waterobject.obj" tex0="http://www.dgp.toronto.edu/~mccrae/projects/firebox/home/fount.png" />
<AssetObject id="clock_body" mtl="http://www.dgp.toronto.edu/~mccrae/projects/firebox/home/clock_body.mtl" src="http://www.dgp.toronto.edu/~mccrae/projects/firebox/home/clock_body.obj" />
<AssetObject id="tree10" src="shr3.obj" tex0="shr3.png" tex_linear="false" />
<AssetObject id="cart" mtl="cart.mtl" src="cart.obj" />
<AssetObject id="tree2" src="fern3.obj" tex0="fern3.png" tex_linear="false" />
<AssetObject id="clock_hand" src="http://www.dgp.toronto.edu/~mccrae/projects/firebox/home/clock_hand.obj" />
<AssetObject id="homecol" src="homecol.obj" />
<AssetObject id="PhotoSphere" src="360screenZZoutface.obj" tex0="http://www.geniusvr.com/completestrip.png" />
<AssetObject id="tree17" src="shr18.obj" tex0="shr18.png" tex_linear="false" />
<AssetObject id="homeroom" src="homeroom.dae" />
<AssetObject id="tree25" src="tree5.obj" tex0="tree5.png" tex_linear="false" />
<AssetObject id="inform" mtl="info.mtl" src="info.obj" />
<AssetScript src="js/home.js" />
<AssetShader id="grapheff" src="graphspheff.txt" />
<AssetShader id="water_shader" src="water_fragment.txt" vertex_src="water_vertex.txt" />
<AssetShader id="tree_shader" src="" vertex_src="tree_vertex.txt" />
<AssetSound id="snd_6" js_id="snd_6" src="http://www.dgp.toronto.edu/~mccrae/projects/firebox/home/6.mp3" />
<AssetSound id="snd_11" js_id="snd_11" src="http://www.dgp.toronto.edu/~mccrae/projects/firebox/home/11.mp3" />
<AssetSound id="snd_8" js_id="snd_8" src="http://www.dgp.toronto.edu/~mccrae/projects/firebox/home/8.mp3" />
<AssetSound id="snd_3" js_id="snd_3" src="http://www.dgp.toronto.edu/~mccrae/projects/firebox/home/3.mp3" />
<AssetSound id="snd_9" js_id="snd_9" src="http://www.dgp.toronto.edu/~mccrae/projects/firebox/home/9.mp3" />
<AssetSound id="snd_1" js_id="snd_1" src="http://www.dgp.toronto.edu/~mccrae/projects/firebox/home/1.mp3" />
<AssetSound id="snd_7" js_id="snd_7" src="http://www.dgp.toronto.edu/~mccrae/projects/firebox/home/7.mp3" />
<AssetSound id="snd_10" js_id="snd_10" src="http://www.dgp.toronto.edu/~mccrae/projects/firebox/home/10.mp3" />
<AssetSound id="bell" js_id="bell" src="http://www.dgp.toronto.edu/~mccrae/projects/firebox/home/glassy_ding_or_bell.mp3" />
<AssetSound id="snd_12" js_id="snd_12" src="1http://www.dgp.toronto.edu/~mccrae/projects/firebox/home/12.mp3" />
<AssetSound id="snd_5" js_id="snd_5" src="http://www.dgp.toronto.edu/~mccrae/projects/firebox/home/5.mp3" />
<AssetSound id="snd_4" js_id="snd_4" src="http://www.dgp.toronto.edu/~mccrae/projects/firebox/home/4.mp3" />
<AssetSound id="ambient" src="wn.mp3" />
<AssetSound id="snd_2" js_id="snd_2" src="http://www.dgp.toronto.edu/~mccrae/projects/firebox/home/2.mp3" />
<AssetWebsurface id="web2" height="400" src="http://beta.vrsites.com/janus-server/" width="1200" />
<AssetWebsurface id="vrsitesweb" height="900" src="http://vrsites.com/hub1/new_lobby_webmenu.html" width="1200" />
<AssetWebsurface id="web" height="900" src="http://www.dgp.toronto.edu/~mccrae/projects/firebox/faq.html" width="1200" />
</Assets>
<Room locked="true" visible="false" pos="31.300001 0 -2.6" xdir="0.642788 0 -0.766044" zdir="0.766044 0 0.642788" skybox_right_id="right" skybox_left_id="left" skybox_up_id="top" skybox_down_id="bottom" skybox_front_id="front" skybox_back_id="back" fog="true" fog_density="0.001" fog_end="100" fog_col="#666666">
<Sound id="ambient" rect="-100 100 100 -100" loop="true" />
<Object id="homeroom" js_id="1c6" locked="true" pos="41 0 0" scale="1 1.2 1" lighting="false" collision_id="homecol" lighting="false" />
<Object id="PhotoSphere" js_id="172c" pos="32.600002 0 8.406001" xdir="0.707107 0 -0.707107" zdir="0.707107 0 0.707107" scale="0.24 1.11 1.1" lighting="false" shader_id="grapheff" rotate_deg_per_sec="-5" />
<Object id="clock_body" pos="41 6 1.1" xdir="-1 0 0" zdir="0 0 -1" scale="1 1 2" lighting="false" />
<Object id="clock_hand" js_id="clock_second_hand1" pos="41 6 0.92" xdir="-1 0 0" zdir="0 0 -1" scale="2 1 2" col="#0000ff" lighting="false" />
<Object id="clock_hand" js_id="clock_minute_hand1" pos="41 6 0.98" xdir="-1 0 0" zdir="0 0 -1" scale="2 0.9 2" col="#00ff00" lighting="false" />
<Object id="clock_hand" js_id="clock_hour_hand1" pos="41 6 1.04" xdir="-1 0 0" zdir="0 0 -1" scale="2 0.5 2" col="#ff0000" lighting="false" />
<Object id="clock_body" pos="41 6 -1.1" scale="1 1 2" lighting="false" />
<Object id="clock_hand" js_id="clock_second_hand2" pos="41 6 -0.92" scale="2 1 2" col="#0000ff" lighting="false" />
<Object id="clock_hand" js_id="clock_minute_hand2" pos="41 6 -0.98" scale="2 0.9 2" col="#00ff00" lighting="false" />
<Object id="clock_hand" js_id="clock_hour_hand2" pos="41 6 -1.04" scale="2 0.5 2" col="#ff0000" lighting="false" />
<Object id="water" js_id="FireFox-1-1430276905" pos="41 -0.02 0" xdir="-1 0 0" ydir="0 0 -1" zdir="0 -1 0" scale="1 1 0.3" shader_id="water_shader" />
<Object id="tree24" js_id="FireFox-3-1430301092" pos="37.400002 -0.6 11.4" xdir="0.795288 0.005567 -0.606247" ydir="-0.006853 0.999977 0.000193" zdir="0.606219 0.004001 0.795288" scale="0.06 0.06 0.06" shader_id="tree_shader" />
<Object id="tree24" js_id="FireFox-3-1430299192" pos="44.459999 -0.4 11.4" xdir="-0.727341 -0.002663 0.6863" ydir="0.002183 0.999978 0.006193" zdir="-0.686288 0.006003 -0.727305" scale="0.06 0.06 0.06" shader_id="tree_shader" />
<Object id="tree25" js_id="dizzket-37-1430300410" pos="-3 -2 5" xdir="0 0 1" zdir="-1 0 0" scale="0.1 0.1 0.1" shader_id="tree_shader" />
<Object id="tree25" js_id="dizzket-40-1430300571" pos="-3 -3 -1" xdir="-0.547068 0.000771 -0.837114" ydir="0.006282 0.999975 -0.003184" zdir="0.837072 -0.007001 -0.547047" scale="0.1 0.1 0.1" shader_id="tree_shader" />
<Object id="tree8" js_id="dizzket-43-1430300629" pos="42.119999 -0.1 -0.71" xdir="-0.493758 0.006817 -0.869601" ydir="0.005104 0.999975 0.004941" zdir="0.869591 -0.001999 -0.493768" scale="0.01 0.01 0.01" shader_id="tree_shader" />
<Object id="tree10" js_id="dizzket-24-1430299862" pos="44 0.3 -11.400001" xdir="0.986298 -0.005757 0.165026" ydir="0.005017 0.999975 0.004896" zdir="-0.165046 -0.004001 0.986278" scale="0.01 0.01 0.01" shader_id="tree_shader" />
<Object id="tree10" js_id="dizzket-23-1430299839" pos="13.866282 0.32466 -4.183912" xdir="-1 0 0" zdir="0 0 -1" scale="0.01 0.01 0.01" shader_id="tree_shader" />
<Object id="tree10" js_id="dizzket-22-1430299837" pos="13.930172 0.324645 -2.795175" xdir="-0.068953 0.005264 -0.997626" ydir="0.004352 0.999978 0.004976" zdir="0.997611 -0.003998 -0.068973" scale="0.01 0.01 0.01" shader_id="tree_shader" />
<Object id="tree10" js_id="dizzket-49-1430300790" pos="40.991291 0.106974 -1.147872" xdir="-0.958849 0.006214 -0.283936" ydir="0.005106 0.999976 0.00464" zdir="0.283951 0.002999 -0.958834" scale="0.01 0.01 0.01" shader_id="tree_shader" />
<Object id="tree10" js_id="dizzket-50-1430300794" pos="40.471817 0.107539 1.287353" xdir="0.955835 -0.003309 -0.29397" ydir="0.004926 0.999977 0.004761" zdir="0.29394 -0.005999 0.955805" scale="0.01 0.01 0.01" shader_id="tree_shader" />
<Object id="tree10" js_id="dizzket-21-1430299803" pos="29.571461 0.325137 2.971587" xdir="-0.520063 0.006871 -0.85413" ydir="0.005282 0.999974 0.004828" zdir="0.85412 -0.002 -0.520073" scale="0.01 0.01 0.01" shader_id="tree_shader" />
<Object id="tree10" js_id="Aussie!-76-1430300154" pos="29.584297 0.32487 -2.955678" xdir="0.88629 0.006747 0.463136" ydir="-0.005053 0.999975 -0.004898" zdir="-0.463146 0.002001 0.88628" scale="0.01 0.01 0.01" shader_id="tree_shader" />
<Object id="tree31" js_id="Aussie!-69-1430299963" pos="37.800003 0.3 27.1" xdir="-0.917853 -0.006177 -0.396923" ydir="-0.004876 0.999979 -0.004287" zdir="0.396933 -0.002 -0.917845" scale="0.07 0.08 0.07" shader_id="tree_shader" />
<Object id="tree31" js_id="dizzket-65-1430301384" pos="41.092381 6.500884 17.78417" xdir="-0.954243 -0.004358 0.299058" ydir="-0.002962 0.999982 0.005121" zdir="-0.29907 0.004001 -0.954223" scale="0.1 0.1 0.1" shader_id="tree_shader" />
<Object id="tree31" js_id="dizzket-68-1430301397" pos="19.89422 6.501598 0.030927" xdir="0.132036 -0.000331 0.991258" ydir="-0.004914 0.999987 0.000988" zdir="-0.991233 -0.005001 0.132031" scale="0.1 0.1 0.1" shader_id="tree_shader" />
<Object id="tree31" js_id="dizzket-60-1430301124" pos="66.464478 6.500912 -0.132995" xdir="-0.988229 0.004329 0.153057" ydir="0.005043 0.999978 0.00428" zdir="-0.153032 0.005001 -0.988209" scale="0.07 0.08 0.06" shader_id="tree_shader" />
<Object id="tree31" js_id="dizzket-53-1430301007" pos="40.985989 6.501004 -24.898207" xdir="0.726819 -0.007068 0.686829" ydir="0.005137 0.999975 0.004855" zdir="-0.686829 0 0.726819" scale="0.07 0.08 0.06" shader_id="tree_shader" />
<Object id="tree31" js_id="dizzket-66-1430301393" pos="27.221682 6.501829 -0.037898" xdir="0.4981 -0.004207 0.867132" ydir="-0.002241 0.999979 0.006138" zdir="-0.867122 -0.005001 0.49807" scale="0.1 0.1 0.1" shader_id="tree_shader" />
<Object id="tree31" js_id="dizzket-67-1430301396" pos="23.347733 6.50174 0.068421" xdir="0.480886 -0.00017 -0.876794" ydir="0.004465 0.999987 0.002255" zdir="0.876774 -0.004999 0.480876" scale="0.1 0.1 0.1" shader_id="tree_shader" />
<Object id="tree31" js_id="dizzket-62-1430301361" pos="41 6.6 24.5" xdir="-0.661191 0.007057 -0.750217" ydir="0.004666 0.999975 0.005294" zdir="0.750217 0 -0.661191" scale="0.1 0.1 0.1" shader_id="tree_shader" />
<Object id="tree31" js_id="dizzket-64-1430301375" pos="40.884689 6.499665 15.370595" xdir="0.995677 -0.00535 0.092948" ydir="0.004955 0.999978 0.004479" zdir="-0.092968 -0.003999 0.995661" scale="0.1 0.1 0.1" shader_id="tree_shader" />
<Object id="tree31" js_id="dizzket-55-1430301097" pos="41.058308 6.501964 -17.973661" xdir="0.957679 -0.0046 -0.287879" ydir="0.002967 0.999977 -0.006111" zdir="0.287894 0.004998 0.957649" scale="0.07 0.08 0.06" shader_id="tree_shader" />
<Object id="tree31" js_id="Aussie!-70-1430299968" pos="44.400002 0.3 27.1" xdir="-0.749281 0.003171 -0.662274" ydir="0.006351 0.999977 -0.002397" zdir="0.662238 -0.006002 -0.749269" scale="0.1 0.1 0.1" shader_id="tree_shader" />
<Object id="tree31" js_id="dizzket-11-1430299582" pos="37.440002 0.32 -27.099998" xdir="0.695016 0.000599 0.719022" ydir="-0.005449 0.999975 0.004434" zdir="-0.718987 -0.007 0.694988" scale="0.07 0.08 0.06" shader_id="tree_shader" />
<Object id="tree31" js_id="dizzket-56-1430301099" pos="40.942989 6.501976 -13.865824" xdir="-0.001025 -0.004995 1.000012" ydir="0.004995 0.999975 0.005" zdir="-0.999987 0.005 -0.001" scale="0.07 0.08 0.06" shader_id="tree_shader" />
<Object id="tree31" js_id="dizzket-10-1430299542" pos="43.77 0.33 -27.029999" xdir="-0.209921 -0.004193 0.977732" ydir="-0.005767 0.999979 0.00305" zdir="-0.977702 -0.004998 -0.209936" scale="0.07 0.07 0.07" shader_id="tree_shader" />
<Object id="tree31" js_id="dizzket-58-1430301121" pos="58.546494 6.501304 0.044406" xdir="0.500011 0 -0.866019" zdir="0.866019 0 0.500011" scale="0.07 0.08 0.06" shader_id="tree_shader" />
<Object id="tree31" js_id="dizzket-59-1430301123" pos="62.691109 6.501054 0.115179" xdir="0.266949 0.004981 0.963721" ydir="0.003487 0.999975 -0.006135" zdir="-0.963706 0.004998 0.266919" scale="0.07 0.08 0.06" shader_id="tree_shader" />
<Object id="tree31" js_id="dizzket-12-1430299610" pos="68.111771 0.324434 2.900909" xdir="0.029961 -0.005148 0.999563" ydir="0.00515 0.999974 0.004995" zdir="-0.999538 0.004998 0.029986" scale="0.1 0.1 0.1" shader_id="tree_shader" />
<Object id="tree31" js_id="dizzket-63-1430301373" pos="41 6.5 20.800001" xdir="-0.037024 -0.005922 -0.999317" ydir="0.00178 0.99998 -0.005992" zdir="0.999313 -0.002001 -0.037012" scale="0.1 0.1 0.1" shader_id="tree_shader" />
<Object id="tree31" js_id="dizzket-57-1430301119" pos="54.466114 6.501886 0.0657" xdir="-0.981986 0.004154 0.189018" ydir="0.005024 0.999979 0.004125" zdir="-0.188993 0.005 -0.981966" scale="0.07 0.08 0.06" shader_id="tree_shader" />
<Object id="tree31" js_id="dizzket-69-1430301398" pos="16.074226 6.501405 -0.092935" xdir="0.986649 -0.000172 -0.162943" ydir="0.000984 0.999987 0.004903" zdir="0.162938 -0.004998 0.986624" scale="0.1 0.1 0.1" shader_id="tree_shader" />
<Object id="tree31" js_id="dizzket-54-1430301009" pos="40.900002 6.5 -21.700001" xdir="-0.844158 -0.003457 -0.536125" ydir="-0.006135 0.999976 0.003213" zdir="0.536089 0.006001 -0.84414" scale="0.07 0.08 0.06" shader_id="tree_shader" />
<Object id="tree7" js_id="dizzket-35-1430300352" pos="-7.15 -7.08 1" xdir="-0.337184 -0.003021 0.94146" ydir="0.004633 0.999977 0.004868" zdir="-0.94143 0.006003 -0.337154" scale="0.1 0.1 0.1" />
<Object id="tree7" js_id="dizzket-33-1430300201" pos="32 -10 -46" xdir="0.975057 -0.003765 -0.222036" ydir="0.005003 0.999975 0.005015" zdir="0.222006 -0.006 0.975027" scale="0.1 0.1 0.1" />
<Object id="tree7" js_id="dizzket-38-1430300437" pos="-6 -11 -8" xdir="0 0 1" zdir="-1 0 0" scale="0.1 0.1 0.1" />
<Object id="tree7" js_id="dizzket-32-1430299911" pos="44 -8 -48" xdir="-0.998856 0.005186 -0.047972" ydir="0.004988 0.999979 0.004244" zdir="0.047992 0.003999 -0.99884" scale="0.1 0.1 0.1" />
<Object id="tree7" js_id="dizzket-34-1430300250" pos="35 -16 -54" xdir="-1 0 0" zdir="0 0 -1" scale="0.1 0.1 0.1" />
<Object id="tree7" js_id="dizzket-51-1430300812" pos="46 -19 48" xdir="0.738844 -0.005781 -0.673881" ydir="0.006292 0.999979 -0.001679" zdir="0.673863 -0.002999 0.73885" scale="0.12 0.12 0.12" />
<Object id="tree17" js_id="dizzket-5-1430299503" pos="29.598312 0.324313 -3.980388" xdir="0 0 -1" zdir="1 0 0" scale="0.01 0.01 0.01" shader_id="tree_shader" />
<Object id="tree17" js_id="Aussie!-75-1430300126" pos="13.881132 0.323424 4.077656" xdir="-0.326991 -0.00636 -0.945032" ydir="-0.004915 0.999975 -0.005029" zdir="0.945017 0.003 -0.327006" scale="0.01 0.01 0.01" shader_id="tree_shader" />
<Object id="tree17" js_id="dizzket-48-1430300781" pos="41.748745 0.10664 -1.173612" xdir="-0.999125 0.005164 -0.041985" ydir="0.004991 0.999979 0.004214" zdir="0.042005 0.004 -0.999109" scale="0.01 0.01 0.01" shader_id="tree_shader" />
<Object id="tree17" js_id="dizzket-3-1430299495" pos="29.556797 0.324859 4.316359" xdir="0.147043 0.004358 -0.989141" ydir="0.004306 0.999978 0.005045" zdir="0.989121 -0.005001 0.147018" scale="0.01 0.01 0.01" shader_id="tree_shader" />
<Object id="tree17" js_id="dizzket-46-1430300771" pos="39.952274 0.106845 0.939096" xdir="0.528819 -0.006888 0.848736" ydir="0.005339 0.999974 0.004788" zdir="-0.848726 0.001999 0.528829" scale="0.01 0.01 0.01" shader_id="tree_shader" />
<Object id="tree17" js_id="dizzket-45-1430300770" pos="39.769028 0.107046 0.258212" xdir="0.942204 -0.006386 -0.335052" ydir="0.005012 0.999975 -0.004967" zdir="0.335067 0.003001 0.942189" scale="0.01 0.01 0.01" shader_id="tree_shader" />
<Object id="tree17" js_id="dizzket-9-1430299536" pos="45.009998 0.2 -27" xdir="0.996471 -0.000336 0.084038" ydir="-0.000001 0.999992 0.004016" zdir="-0.084038 -0.004002 0.996454" scale="0.01 0.01 0.01" shader_id="tree_shader" />
<Object id="tree17" pos="40.329117 0.106968 -1.080691" xdir="0.234983 -0.003589 0.97202" ydir="0.006675 0.999976 0.002078" zdir="-0.971978 0.006 0.234995" scale="0.01 0.01 0.01" shader_id="tree_shader" />
<Object id="tree17" pos="40.329117 0.106968 -1.080691" xdir="0.234983 -0.003589 0.97202" ydir="0.006675 0.999976 0.002078" zdir="-0.971978 0.006 0.234995" scale="0.01 0.01 0.01" shader_id="tree_shader" />
<Object id="tree17" js_id="dizzket-7-1430299511" pos="13.826429 0.32433 2.88744" xdir="0 0 1" zdir="-1 0 0" scale="0.01 0.01 0.01" shader_id="tree_shader" />
<Object id="tree2" js_id="Aussie!-29-1430299242" pos="52.373749 0.325306 -4.267839" xdir="-0.096016 -0.005457 -0.99539" ydir="-0.004507 0.999977 -0.005047" zdir="0.99537 0.004001 -0.096036" scale="0.05 0.05 0.05" shader_id="tree_shader" />
<Object id="tree2" js_id="Aussie!-81-1430300497" pos="42.27 0.11 0.8" xdir="0.080008 -0.004584 -0.996809" ydir="-0.004616 0.999977 -0.004969" zdir="0.996784 0.004999 0.079983" scale="0.05 0.05 0.05" shader_id="tree_shader" />
<Object id="tree2" js_id="Aussie!-40-1430299384" pos="52.460228 0.324952 2.731544" xdir="0.259886 0.005868 0.965643" ydir="-0.004421 0.999978 -0.004887" zdir="-0.965631 -0.002999 0.259901" scale="0.05 0.05 0.05" shader_id="tree_shader" />
<Object id="tree2" js_id="Aussie!-25-1430299223" pos="68.084129 0.325146 4.229384" xdir="-0.257128 0.003546 0.966397" ydir="-0.004889 0.999976 -0.00497" zdir="-0.966367 -0.006002 -0.257098" scale="0.05 0.05 0.05" shader_id="tree_shader" />
<Object id="tree2" js_id="Aussie!-80-1430300494" pos="42.349998 0.11 -0.09" xdir="0.384993 -0.00269 -0.922942" ydir="-0.004502 0.999978 -0.004792" zdir="0.922912 0.005999 0.384963" scale="0.05 0.05 0.05" shader_id="tree_shader" />
<Object id="tree2" js_id="Aussie!-38-1430299372" pos="45.019287 0.323571 -11.380856" xdir="-0.305127 0.003236 0.952332" ydir="-0.004728 0.999977 -0.004913" zdir="-0.952302 -0.006002 -0.305097" scale="0.05 0.05 0.05" shader_id="tree_shader" />
<Object id="tree2" js_id="Aussie!-71-1430300023" pos="36.889183 0.324476 27.156839" xdir="-0.987284 -0.005732 -0.159022" ydir="-0.005022 0.999976 -0.004862" zdir="0.159042 -0.004001 -0.987264" scale="0.05 0.05 0.05" shader_id="tree_shader" />
<Object id="tree2" js_id="Aussie!-72-1430300024" pos="38.155788 0.324493 27.151957" xdir="-0.961763 -0.003439 0.273954" ydir="-0.004951 0.999976 -0.004827" zdir="-0.273924 -0.005998 -0.961733" scale="0.05 0.05 0.05" shader_id="tree_shader" />
<Object id="tree2" js_id="Aussie!-36-1430299368" pos="37.937725 0.325165 -11.501692" xdir="-0.850359 -0.002147 0.526237" ydir="-0.004984 0.99998 -0.003974" zdir="-0.526207 -0.006002 -0.850335" scale="0.05 0.05 0.05" shader_id="tree_shader" />
<Object id="tree2" js_id="Aussie!-85-1430300568" pos="39.619999 0.11 -0.59" xdir="-0.198066 0.003911 0.980206" ydir="-0.005108 0.999974 -0.005022" zdir="-0.980176 -0.006001 -0.198036" scale="0.05 0.05 0.05" shader_id="tree_shader" />
<Object id="tree2" js_id="Aussie!-35-1430299339" pos="38 0.32 -27.029999" xdir="-0.994157 -0.004539 0.10804" ydir="-0.005052 0.999977 -0.004481" zdir="-0.108015 -0.005001 -0.994137" scale="0.05 0.05 0.05" shader_id="tree_shader" />
<Object id="tree2" js_id="Aussie!-28-1430299229" pos="68.13224 0.325021 -2.938912" xdir="-1 0 0" zdir="0 0 -1" scale="0.05 0.05 0.05" shader_id="tree_shader" />
<Object id="tree2" js_id="Aussie!-32-1430299258" pos="52.419998 0.31 4.14" xdir="-0.073998 -0.005282 -0.997265" ydir="-0.004381 0.999978 -0.004972" zdir="0.997249 0.004001 -0.074018" scale="0.05 0.05 0.05" shader_id="tree_shader" />
<Object id="tree2" js_id="Aussie!-66-1430299916" pos="36.900002 0.4 11.400001" xdir="-0.359967 -0.006465 -0.932969" ydir="-0.005126 0.999975 -0.004951" zdir="0.932954 0.003 -0.359982" scale="0.05 0.05 0.05" shader_id="tree_shader" />
<Object id="tree2" js_id="Aussie!-34-1430299335" pos="36.817501 0.324346 -26.963123" xdir="-0.982175 -0.005851 -0.18801" ydir="-0.004994 0.999975 -0.005029" zdir="0.18803 -0.004001 -0.982155" scale="0.05 0.05 0.05" shader_id="tree_shader" />
<Object id="tree2" js_id="Aussie!-73-1430300053" pos="45.118019 0.324803 27.15111" xdir="-0.950087 -0.00319 0.312049" ydir="-0.004903 0.999977 -0.004705" zdir="-0.312019 -0.006 -0.950057" scale="0.05 0.05 0.05" shader_id="tree_shader" />
<Object id="tree2" js_id="Aussie!-84-1430300552" pos="41.739998 0.11 1.42" xdir="0.94146 0.003021 -0.337184" ydir="-0.004868 0.999977 -0.004633" zdir="0.337154 0.006003 0.94143" scale="0.05 0.05 0.05" shader_id="tree_shader" />
<Object id="tree2" js_id="Aussie!-41-1430299389" pos="43.799999 0.3 11.400001" xdir="-0.770913 -0.005396 0.636956" ydir="-0.006708 0.999977 0.000354" zdir="-0.636928 -0.004 -0.770913" scale="0.05 0.05 0.05" shader_id="tree_shader" />
<Object id="tree2" js_id="Aussie!-23-1430299212" pos="52.41 0.32 -3.24" xdir="-0.375891 0.002754 0.926687" ydir="-0.004523 0.999978 -0.004806" zdir="-0.926657 -0.005998 -0.375861" scale="0.05 0.05 0.05" shader_id="tree_shader" />
<Object id="tree2" js_id="Aussie!-42-1430299391" pos="45.02906 0.323687 11.410253" xdir="-0.972744 -0.003704 0.231962" ydir="-0.004994 0.999975 -0.004976" zdir="-0.231932 -0.005998 -0.972714" scale="0.05 0.05 0.05" shader_id="tree_shader" />
<Object id="tree2" js_id="Aussie!-83-1430300523" pos="42.25 0.13 0.34" xdir="-0.668657 -0.003124 0.743591" ydir="0.00237 0.999977 0.006333" zdir="-0.743579 0.005997 -0.668621" scale="0.06 0.06 0.04" shader_id="tree_shader" />
<Object id="tree2" js_id="Aussie!-67-1430299917" pos="38 0.5 11.200001" xdir="-0.39813 -0.006179 -0.917331" ydir="-0.004295 0.999979 -0.004872" zdir="0.917323 0.002001 -0.39814" scale="0.05 0.05 0.05" shader_id="tree_shader" />
<Object id="tree2" js_id="Aussie!-74-1430300054" pos="43.94838 0.324913 27.155216" xdir="-0.996301 -0.005326 -0.086005" ydir="-0.004962 0.999978 -0.004444" zdir="0.086025 -0.004001 -0.996285" scale="0.05 0.05 0.05" shader_id="tree_shader" />
<Object id="tree2" js_id="Aussie!-37-1430299369" pos="37.047119 0.325238 -11.41757" xdir="-0.991916 -0.005594 -0.126967" ydir="-0.005041 0.999976 -0.004678" zdir="0.126987 -0.004 -0.991896" scale="0.05 0.05 0.05" shader_id="tree_shader" />
<Object id="tree2" js_id="Aussie!-33-1430299306" pos="44.09 0.31 -27.139999" xdir="-0.987122 -0.004295 0.160041" ydir="-0.00504 0.999978 -0.004249" zdir="-0.160016 -0.005001 -0.987102" scale="0.05 0.05 0.05" shader_id="tree_shader" />
<Object id="tree2" js_id="dizzket-44-1430300763" pos="41.150208 0.106388 1.354459" xdir="0.99929 -0.005186 0.037985" ydir="0.004992 0.999974 0.005195" zdir="-0.03801 -0.005001 0.999265" scale="0.05 0.05 0.05" shader_id="tree_shader" />
<Object id="tree2" js_id="Aussie!-27-1430299228" pos="68.114052 0.324254 -4.002945" xdir="0.996386 0.005322 0.085012" ydir="-0.004962 0.999978 -0.004439" zdir="-0.085032 0.004001 0.99637" scale="0.05 0.05 0.05" shader_id="tree_shader" />
<Object id="plane" js_id="websurface1" locked="true" pos="59.700001 0.9 0" xdir="0 0 0.999849" ydir="0.707107 0.707107 0" zdir="-0.707107 0.707107 0" scale="2 1 1" cull_face="none" collision_id="plane" websurface_id="web" />
<Object id="plane" js_id="websurface2" locked="true" pos="41 0.9 -18.700001" xdir="0.999849 0 0" ydir="0 0.707107 -0.707107" zdir="0 0.707107 0.707107" scale="2 1 1" cull_face="none" collision_id="plane" websurface_id="vrsitesweb" />
<Object id="plane" js_id="websurface3" locked="true" pos="41 0.9 18.700001" xdir="-0.999849 0 0" ydir="0 0.707107 0.707107" zdir="0 0.707107 -0.707107" scale="2 1 1" cull_face="none" collision_id="plane" websurface_id="web" />
<Object id="plane" js_id="websurface4" locked="true" pos="22.300001 0.9 0.1" xdir="0 0 -0.999849" ydir="-0.707107 0.707107 0" zdir="0.707107 0.707107 0" scale="2 1 1" cull_face="none" collision_id="plane" websurface_id="web" />
<Object id="plane" js_id="counter" locked="true" pos="49.299999 1.5 -8.3" xdir="0.707107 0 0.707107" zdir="-0.707107 0 0.707107" scale="7.5 3 1" lighting="false" websurface_id="web2" />
<Object id="cart" locked="true" pos="13.7 3.8 0.75" xdir="0 0 -1" zdir="1 0 0" scale="0.175 0.175 0.175" />
<Object id="inform" js_id="c1dasf1" pos="41 2 -19.300001" xdir="0 0 -1" zdir="1 0 0" scale="2 2 2" col="#ff0000" lighting="false" cull_face="none" rotate_deg_per_sec="25" />
<Object id="inform" js_id="c10" pos="41 2 19.300001" xdir="-0.99999 0.004024 -0.005984" ydir="0.004 0.999984 0.004024" zdir="0.006 0.004 -0.999974" scale="2 2 2" col="#00ff00" lighting="false" cull_face="none" rotate_deg_per_sec="25" />
<Object id="inform" js_id="c12" pos="21.5 2 0.2" scale="2 2 2" col="#0000ff" lighting="false" cull_face="none" rotate_deg_per_sec="25" />
<Object id="inform" js_id="c13" pos="60 2 0" xdir="0 0 -1" zdir="1 0 0" scale="2 2 2" col="#ffff00" lighting="false" cull_face="none" rotate_deg_per_sec="25" />
<Image id="flagcounter" js_id="flagcounter" pos="35.599998 0.1 0" xdir="0 0 0.994899" ydir="0.707107 0.707107 0" zdir="-0.707107 0.707107 0" lighting="false" />
<Image id="sites_hosted_by_vrsites" pos="41 4.6 -27.4" scale="4.8 5 0.9" lighting="false" />
<Link pos="30.799999 0.1 -6.6" xdir="0.707107 0 -0.707107" zdir="0.707107 0 0.707107" scale="2.1 2.6 1.1" col="#a8cdfc" thumb_id="avatar_vrsites_door" url="http://lobby.vrsites.com/avtype/" title="VR SITES" draw_text="false" draw_glow="false" />
<Link pos="76.269997 0 -8.599999" scale="1.23 2.245 1.01" col="#a8edfc" url="http://james.vrsites.com/1/186" draw_glow="false" />
<Link pos="60.242004 0.5 11.658001" xdir="-1 0 -0.000003" zdir="0.000003 0 -1" scale="1.23 2.23 1" col="#fca8d3" thumb_id="thumb_11" url="http://www.reddit.com/r/vrsites" draw_text="false" draw_glow="false" />
<Link pos="49.599998 0 -35.269997" xdir="-0.000001 0 1" zdir="-1 0 -0.000001" scale="1.23 2.245 1.01" col="#a8c4fc" url="http://zion.vrsites.com/1/146" draw_glow="false" />
<Link pos="69.910004 0 -8.599999" xdir="1 0 0.000001" zdir="-0.000001 0 1" scale="1.23 2.245 1.01" col="#a8fce5" url="http://zion.vrsites.com/6/129" draw_glow="false" />
<Link pos="8.86 0 -8.51" xdir="1 0 0.000002" zdir="-0.000002 0 1" scale="1.23 2.245 1" col="#a8effc" url="http://www.gathervr.com/cinema/cinema2.html" draw_glow="false" />
<Link pos="76.300003 0 8.6" xdir="-1 0 -0.000001" zdir="0.000001 0 -1" scale="1.23 2.245 1.01" col="#fca8d5" url="http://leon.vrsites.com/1/846" draw_glow="false" />
<Link pos="77.859993 0 -8.599999" scale="1.23 2.245 1.01" col="#bafca8" url="http://zion.vrsites.com/1/53" draw_glow="false" />
<Link pos="12.05 0 -8.52" xdir="1 0 0.000007" zdir="-0.000007 0 1" scale="1.23 2.245 1" col="#fcc7a8" url="http://www.e-langu.com/heyangcity/heyangcity.html" draw_glow="false" />
<Link pos="5.683 0 8.542" xdir="-1 0 -0.000002" zdir="0.000002 0 -1" scale="1.23 2.245 1" col="#fcb0a8" thumb_id="thumb_frogger" url="http://frog.thevirtualarts.com" draw_glow="false" />
<Link pos="49.599998 0 -30.5" xdir="-0.000001 0 1" zdir="-1 0 -0.000001" scale="1.23 2.245 1.01" col="#fca8d1" url="http://zion.vrsites.com/1/41" draw_glow="false" />
<Link pos="29.380001 0.5 -15.318001" xdir="-0.00176 0 -0.999998" zdir="0.999998 0 -0.00176" scale="1.23 2.23 1" col="#d7fca8" thumb_id="thumb_13" url="http://leon.vrsites.com/1/753" draw_text="false" draw_glow="false" />
<Link pos="17.801001 0.5 -11.576" scale="1.23 2.23 1" thumb_id="thumb_24" url="http://www.thevrbar.com" draw_text="false" draw_glow="false" />
<Link pos="49.599998 0 -28.91" xdir="-0.000001 0 1" zdir="-1 0 -0.000001" scale="1.23 2.245 1.01" col="#b2a8fc" url="http://www.therealblack.net/" draw_glow="false" />
<Link pos="64.161003 0.5 11.627001" xdir="-1 0 0.000002" zdir="-0.000002 0 -1" scale="1.23 2.23 1" col="#fcf1a8" thumb_id="thumb_10" url="http://thevirtualarts.com/JanusVR/streetview.php" draw_text="false" draw_glow="false" />
<Link pos="49.599998 0 -33.68" xdir="-0.000001 0 1" zdir="-1 0 -0.000001" scale="1.23 2.245 1.01" col="#a8fcc0" url="http://zion.vrsites.com/1/120" draw_glow="false" />
<Link pos="69.900002 0 8.6" xdir="-1 0 -0.000001" zdir="0.000001 0 -1" scale="1.23 2.245 1.01" col="#fca8b0" url="http://www.vrsites.com/leon/1/868" draw_glow="false" />
<Link pos="2.51 0 -8.51" xdir="1 0 0.000001" zdir="-0.000001 0 1" scale="1.23 2.245 1" col="#a8fce3" url="http://usagii.net/other/experiments/lod/index.html" draw_glow="false" />
<Link pos="32.399998 0 -36.850002" xdir="0.000001 0 -1" zdir="1 0 0.000001" scale="1.23 2.245 1.01" col="#fca8a8" url="http://zion.vrsites.com/1/119" draw_glow="false" />
<Link pos="32.399998 0 -40.029999" xdir="0.000001 0 -1" zdir="1 0 0.000001" scale="1.23 2.245 1.01" col="#a8e9fc" url="http://zion.vrsites.com/3/53" draw_glow="false" />
<Link pos="52.600002 0.5 -15.307001" xdir="-0.052318 0 0.99863" zdir="-0.99863 0 -0.052318" scale="1.23 2.23 1" col="#fcd1a8" thumb_id="thumb_18" url="http://q.vrsites.com/disco/temp.php" draw_text="false" draw_glow="false" />
<Link pos="73.089996 0 -8.599999" xdir="1 0 0.000001" zdir="-0.000001 0 1" scale="1.23 2.245 1.01" col="#fca8ac" url="http://www.thefuriousangels.com/vr/index.html" draw_glow="false" />
<Link pos="12.04 0 8.53" xdir="-1 0 0.000001" zdir="-0.000001 0 -1" scale="1.23 2.245 1.01" col="#fca8c6" thumb_id="thumb_airhockey" url="http://www.ourmetaverse.com/airhockey" draw_glow="false" />
<Link pos="29.389999 0.5 15.349999" xdir="0.015866 0 -0.999874" zdir="0.999874 0 0.015866" scale="1.23 2.23 1" col="#a8fce9" thumb_id="thumb_3" url="http://www.thevrbar.com/burl1.html" draw_glow="false" />
<Link pos="49.599998 0 -38.439999" xdir="-0.000001 0 1" zdir="-1 0 -0.000001" scale="1.23 2.245 1.01" col="#fccda8" url="http://zion.vrsites.com/1/87" draw_glow="false" />
<Link pos="79.400002 0 8.6" xdir="-1 0 -0.000001" zdir="0.000001 0 -1" scale="1.23 2.245 1.01" col="#a8fcbc" url="http://static.croxford.me/Sketchup2Room/lightingtest.html" draw_glow="false" />
<Link pos="7.27 0 -8.51" xdir="1 0 0.000003" zdir="-0.000003 0 1" scale="1.23 2.245 1" col="#d5a8fc" url="http://bitgrid.io/space-foundation/index.html" draw_glow="false" />
<Link pos="29.369999 0.5 23.199999" xdir="-0.006809 0 -0.999977" zdir="0.999977 0 -0.006809" scale="1.23 2.23 1" col="#fca8cd" thumb_id="thumb_1" url="http://www.thevrbar.com/roxy.html" draw_glow="false" />
<Link pos="7.273 0 8.543" xdir="-1 0 -0.000001" zdir="0.000001 0 -1" scale="1.23 2.245 1" col="#d3fca8" thumb_id="thumb_boatbattle" url="http://usagii.net/wikiverse/index.php?title=Boat_Battle(Metaverse)" draw_glow="false" />
<Link pos="29.368002 0.5 -19.235001" xdir="0.017442 0 -0.999848" zdir="0.999848 0 0.017442" scale="1.23 2.23 1" col="#fcaca8" thumb_id="thumb_14" url="http://james.vrsites.com/1/199" draw_text="false" draw_glow="false" />
<Link pos="29.369999 0.5 19.27" xdir="-0.010296 0 -0.999947" zdir="0.999947 0 -0.010296" scale="1.23 2.23 1" col="#b6a8fc" thumb_id="thumb_2" url="http://www.thevrbar.com/boxing.html" draw_glow="false" />
<Link pos="52.588001 0.5 15.347001" xdir="0.0035 0 0.999994" zdir="-0.999994 0 0.0035" scale="1.23 2.23 1" col="#a8fcb8" thumb_id="thumb_4" url="http://www.unclaimed" draw_glow="false" />
<Link pos="52.617004 0.5 23.196001" xdir="-0.022677 0 0.999743" zdir="-0.999743 0 -0.022677" scale="1.23 2.23 1" col="#fca8d9" thumb_id="thumb_6" url="http://www.unclaimed2" draw_glow="false" />
<Link pos="21.719002 0.5 11.619" xdir="-1 0 0.000002" zdir="-0.000002 0 -1" scale="1.23 2.23 1" col="#efa8fc" thumb_id="thumb_20" url="http://jvr.junkonet.org" draw_text="false" draw_glow="false" />
<Link pos="52.587002 0.5 -23.149" xdir="-0.024415 0 0.999702" zdir="-0.999702 0 -0.024415" scale="1.23 2.23 1" col="#a8e5fc" thumb_id="thumb_16" url="http://james.vrsites.com/1/187" draw_text="false" draw_glow="false" />
<Link pos="32.399998 0 -30.5" xdir="0.000001 0 -1" zdir="1 0 0.000001" scale="1.23 2.245 1.01" col="#fca8cd" url="http://www.thefuriousangels.com/vr/allgoodthings.html" title="Theater" draw_glow="false" />
<Link pos="71.510002 0 -8.599999" xdir="1 0 0.000001" zdir="-0.000001 0 1" scale="1.23 2.245 1.01" col="#dffca8" url="http://vrsites.com/assets/nukemarine_01/2/sphere_screen_360_snowy_mountain.txt" title="Sphere Screen 360 Theater - Snowy Mountain" draw_glow="false" />
<Link pos="73.099998 0 8.6" xdir="-1 0 -0.000001" zdir="0.000001 0 -1" scale="1.23 2.245 1.01" col="#a8fce1" url="http://zion.vrsites.com/9/120" draw_glow="false" />
<Link pos="32.399998 0 -33.68" xdir="0.000001 0 -1" zdir="1 0 0.000001" scale="1.23 2.245 1.01" col="#a8fce9" url="http://dtapgames.co.uk/subspace.html" draw_glow="false" />
<Link pos="25.650002 0.5 -11.575" xdir="1 0 0.000001" zdir="-0.000001 0 1" scale="1.23 2.23 1" col="#a8fcae" thumb_id="thumb_22" url="http://usagii.net" draw_text="false" draw_glow="false" />
<Link pos="56.318001 0.5 -11.610001" xdir="0.999999 0 -0.001283" zdir="0.001283 0 0.999999" scale="1.23 2.23 1" col="#e7fca8" thumb_id="thumb_9" url="workspaces" draw_text="false" draw_glow="false" />
<Link pos="32.700001 0.1 -8.400001" xdir="0.707107 0 -0.707107" zdir="0.707107 0 0.707107" scale="2.1 2.6 1.1" col="#a8cdfc" thumb_id="main_vrsites_door" url="http://vrsites.com/hub1/" title="VR SITES" draw_text="false" draw_glow="false" />
<Link pos="49.301003 0.08 8.308001" xdir="-0.707107 0 0.707107" zdir="-0.707107 0 -0.707107" scale="7.5 2.9 1" col="#000000" thumb_id="thumb_special" url="http://www.gathervr.com/lectureNcinema/Cinema.html" draw_text="false" draw_glow="false" />
<Link pos="32.399998 0 -38.449997" xdir="0.000001 0 -1" zdir="1 0 0.000001" scale="1.23 2.245 1.01" col="#dba8fc" url="http://zion.vrsites.com/5/53" title="Firefoxg's room (1792 visitors)" draw_glow="false" />
<Link pos="49.599998 0 -40.029999" xdir="-0.000001 0 1" zdir="-1 0 -0.000001" scale="1.23 2.245 1.01" col="#b6fca8" url="http://zion.vrsites.com/1/108" draw_glow="false" />
<Link pos="10.45 0 -8.52" xdir="1 0 0.000001" zdir="-0.000001 0 1" scale="1.23 2.245 1" col="#bcfca8" url="http://geniusvr.com/teststuff/shaderexamples/experiment.html" draw_glow="false" />
<Link pos="60.226002 0.5 -11.599001" xdir="0.999999 0 -0.001283" zdir="0.001283 0 0.999999" scale="1.23 2.23 1" col="#fca8b4" thumb_id="thumb_8" url="http://usagii.net/wikiverse/index.php?title=Tutorial(Janus)" draw_text="false" draw_glow="false" />
<Link pos="5.68 0 -8.51" xdir="1 0 0.000001" zdir="-0.000001 0 1" scale="1.23 2.245 1" col="#fca8ae" url="http://employdanmeeks.squarespace.com/storage/janusvr/garage/garage.html" draw_glow="false" />
<Link pos="52.602001 0.5 19.286001" xdir="-0.005225 0 0.999986" zdir="-0.999986 0 -0.005225" scale="1.23 2.23 1" col="#fceba8" thumb_id="thumb_5" url="http://www.unclaimed1" draw_glow="false" />
<Link pos="21.722 0.507 -11.572001" xdir="0.999976 0 -0.007" zdir="0.007 0 0.999976" scale="1.23 2.23 1" col="#fce1a8" thumb_id="thumb_23" url="http://home.scenevr.hosting/home.xml" draw_text="false" draw_glow="false" />
<Link pos="32.399998 0 -32.099998" xdir="0.000001 0 -1" zdir="1 0 0.000001" scale="1.23 2.245 1.01" col="#b6a8fc" url="http://zion.vrsites.com/2/120" title="firefoxgg's room (981 visitors)" draw_text="false" draw_glow="false" />
<Link pos="2.509 0 8.543001" xdir="-1 0 0.000001" zdir="-0.000001 0 -1" scale="1.23 2.245 1" col="#89e2fc" thumb_id="thumb_tennis" url="http://usagii.net/other/dotmatrix/JS_MPR/Games/tennis/tennis.html" draw_glow="false" />
<Link pos="71.5 0 8.6" xdir="-1 0 -0.000001" zdir="0.000001 0 -1" scale="1.23 2.245 1.01" col="#e3fca8" url="http://zion.vrsites.com/1/152" draw_glow="false" />
<Link pos="10.450001 0 8.55" xdir="-1 0 -0.000001" zdir="0.000001 0 -1" scale="1.23 2.245 1" col="#bea8fc" thumb_id="thumb_connect4" url="http://janusvr.thevirtualarts.com/con4/connect4.html" draw_glow="false" />
<Link pos="77.900002 0 8.6" xdir="-1 0 -0.000001" zdir="0.000001 0 -1" scale="1.23 2.245 1.01" col="#fcefa8" url="http://userhub.de/" draw_glow="false" />
<Link pos="32.399998 0 -35.280003" xdir="0.000001 0 -1" zdir="1 0 0.000001" scale="1.23 2.245 1.01" col="#dbfca8" url="http://rengrangrecords.co.uk/vr-systems/" draw_text="false" draw_glow="false" />
<Link pos="74.699997 0 8.6" xdir="-1 0 -0.000001" zdir="0.000001 0 -1" scale="1.23 2.245 1.01" col="#aea8fc" url="http://zion.vrsites.com/1/47" draw_glow="false" />
<Link pos="17.800001 0.5 11.618001" xdir="-1 0 0.000001" zdir="-0.000001 0 -1" scale="1.23 2.23 1" col="#a8d5fc" thumb_id="thumb_21" url="http://bitgrid.io/" draw_text="false" draw_glow="false" />
<Link pos="4.1 0 -8.5" xdir="1 0 0.000001" zdir="-0.000001 0 1" scale="1.23 2.245 1" col="#e1fca8" url="http://amy.vrsites.com/4/371" draw_glow="false" />
<Link pos="79.459999 0 -8.599999" scale="1.23 2.245 1.01" col="#fcc9a8" url="http://zion.vrsites.com/1/3" draw_glow="false" />
<Link pos="74.68 0 -8.599999" xdir="1 0 0.000004" zdir="-0.000004 0 1" scale="1.23 2.245 1.01" col="#d7a8fc" url="http://zion.vrsites.com/1/140" draw_glow="false" />
<Link pos="4.097 0 8.543" xdir="-1 0 -0.000001" zdir="0.000001 0 -1" scale="1.23 2.245 1" col="#e3a8fc" thumb_id="thumb_chess" url="http://eternul.com/assets/webpage/chess/chess.html" draw_glow="false" />
<Link pos="49.599998 0 -32.099998" xdir="-0.000001 0 1" zdir="-1 0 -0.000001" scale="1.23 2.245 1.01" col="#fcf3a8" url="http://zion.vrsites.com/5/120" draw_glow="false" />
<Link pos="0.92 0 -8.52" xdir="1 0 -0.000001" zdir="0.000001 0 1" scale="1.23 2.245 1" col="#b0a8fc" url="http://eternul.com/terrain.html" draw_glow="false" />
<Link pos="34.399998 0.1 -10.2" xdir="0.707107 0 -0.707107" zdir="0.707107 0 0.707107" scale="2.1 2.6 1.1" col="#a8cdfc" thumb_id="sandbox_vrsites_door" url="http://q.vrsites.com/playroom/" title="VR SITES" draw_text="false" draw_glow="false" />
<Link pos="56.308002 0.5 11.643001" xdir="-1 0 -0.000001" zdir="0.000001 0 -1" scale="1.23 2.23 1" col="#b0a8fc" thumb_id="thumb_12" url="http://et.ern.al/" draw_text="false" draw_glow="false" />
